147 148 1
101 102 1
11 12 1
156 163 1
63 65 1
128 166 1
77 210 1
55 242 1
12 22 1
17 116 1
34 42 1
54 167 1
10 196 1
91 99 1
45 82 1
8 9 1
24 188 1
58 159 1
26 165 1
9 122 1
101 106 1
147 152 1
17 188 1
146 157 1
35 232 1
83 191 1
191 212 1
7 86 1
69 179 1
160 206 1
169 170 1
94 109 1
84 244 1
101 124 1
24 185 1
45 221 1
34 132 1
77 216 1
108 183 1
76 218 1
141 143 1
31 238 1
55 190 1
3 48 1
185 198 1
91 238 1
9 134 1
48 122 1
125 135 1
195 196 1
111 245 1
66 161 1
43 197 1
217 242 1
152 231 1
23 31 1
134 182 1
38 134 1
3 153 1
82 212 1
101 183 1
59 171 1
66 246 1
220 241 1
115 146 1
113 145 1
141 209 1
75 199 1
20 211 1
204 220 1
186 239 1
3 135 1
193 243 1
214 245 1
43 103 1
83 220 1
40 84 1
58 141 1
113 171 1
75 178 1
176 186 1
41 202 1
196 199 1
85 93 1
190 195 1
187 232 1
10 24 1
45 242 1
175 195 1
37 132 1
175 177 1
104 172 1
73 145 1
60 173 1
97 129 1
94 99 1
15 50 1
117 208 1
116 125 1
139 222 1
164 215 1
16 214 1
13 245 1
64 168 1
26 129 1
13 125 1
66 103 1
107 192 1
37 40 1
204 216 1
0 227 1
92 150 1
147 222 1
70 219 1
179 246 1
187 237 1
235 236 1
133 180 1
23 159 1
126 145 1
51 100 1
149 225 1
56 114 1
80 197 1
119 126 1
53 223 1
62 167 1
38 237 1
131 189 1
114 203 1
1 174 1
162 227 1
75 235 1
8 227 1
6 193 1
1 235 1
77 106 1
59 162 1
144 200 1
3 176 1
99 193 1
100 236 1
42 210 1
85 229 1
62 108 1
7 27 1
35 69 1
49 127 1
35 89 1
79 120 1
136 144 1
143 229 1
19 201 1
49 149 1
165 231 1
114 142 1
150 226 1
51 86 1
81 170 1
39 119 1
95 123 1
88 223 1
166 200 1
4 110 1
112 137 1
53 202 1
28 50 1
110 118 1
54 63 1
87 181 1
60 161 1
54 93 1
97 166 1
76 205 1
14 180 1
30 157 1
33 168 1
65 137 1
15 41 1
81 88 1
72 158 1
68 228 1
163 184 1
194 218 1
194 240 1
131 203 1
44 207 1
149 202 1
90 127 1
127 234 1
30 110 1
88 224 1
121 181 1
67 233 1
21 205 1
46 64 1
95 104 1
98 165 1
47 228 1
130 133 1
32 130 1
72 230 1
74 184 1
21 160 1
155 189 1
133 139 1
74 140 1
76 161 1
109 123 1
100 208 1
94 219 1
57 78 1
5 131 1
118 151 1
20 32 1
12 117 1
25 120 1
79 243 1
2 118 1
96 213 1
81 138 1
61 233 1
168 187 1
18 96 1
140 142 1
140 192 1
107 158 1
32 234 1
155 172 1
27 138 1
22 207 1
68 96 1
67 226 1
87 136 1
78 181 1
47 136 1
156 215 1
33 52 1
105 200 1
78 201 1
57 115 1
68 150 1
36 58 1
71 142 1
130 154 1
18 29 1
